lastAccountName: Falcon
timestamps:
  login: 1585871967813
  lastteleport: 1585872525523
  logout: 1585873532907
ipAddress: 190.189.18.105
lastlocation:
  world: world
  x: 225.61192742820802
  y: 70.0
  z: 446.0906522835023
  yaw: 11.682184
  pitch: 18.16868
money: '515.750'
logoutlocation:
  world: Survival
  x: -218.30000001192093
  y: 71.0
  z: 764.3469561886358
  yaw: -230.83069
  pitch: 8.250157
