lastAccountName: IzLoker
timestamps:
  login: 1585872787007
  logout: 1585523384473
  lastteleport: 1585873410692
ipAddress: 177.237.45.193
lastlocation:
  world: Plots
  x: 30.651610201763255
  y: 74.375
  z: 88.62016090957063
  yaw: -172.10117
  pitch: 33.477474
money: '1000.0'
logoutlocation:
  world: world
  x: 106.28033599342331
  y: 70.0
  z: 403.30000001192093
  yaw: -283.6366
  pitch: 14.4476385
