lastAccountName: Nameles11M
timestamps:
  login: 1517936572600
  kits:
    new: 1517937325717
  logout: 1517937452566
ipAddress: 181.139.59.119
lastlocation:
  world: Survival
  x: -246.8730045007311
  y: 60.0
  z: 743.3905914159221
  yaw: -17.71045
  pitch: -11.553204
money: '207.875'
logoutlocation:
  world: world
  x: 188.60394207316483
  y: 80.0
  z: 414.77929998536035
  yaw: -63.72226
  pitch: 7.193506
