lastAccountName: TheModz01
timestamps:
  login: 1518113557418
  logout: 1518115045848
  lastteleport: 1518113568919
  kits:
    new: 1518114517027
ipAddress: 37.133.78.193
lastlocation:
  world: world
  x: 118.37529158332472
  y: 78.0
  z: 302.30000001192093
  yaw: -64.170715
  pitch: -40.98114
logoutlocation:
  world: world
  x: 260.3489347540769
  y: 72.0
  z: 348.01432168284896
  yaw: -152.1593
  pitch: 8.452131
money: '47000.0'
