lastAccountName: Ayxa
timestamps:
  login: 1515342437850
  lastteleport: 1513980839443
  logout: 1515342521442
ipAddress: 46.27.188.186
lastlocation:
  world: world
  x: 243.99031372199022
  y: 78.0
  z: 306.70400045203826
  yaw: 66.3548
  pitch: 6.599988
money: '5000.0'
logoutlocation:
  world: world
  x: 226.95673312436574
  y: 70.0625
  z: 426.1401325651283
  yaw: 57.108826
  pitch: 1.1999737
