lastAccountName: ImVexy
timestamps:
  login: 1518371427459
  lastteleport: 1518371643976
  logout: 1518371870218
ipAddress: 162.251.9.164
lastlocation:
  world: world
  x: 117.0554731606485
  y: 90.0
  z: 311.60209293575787
  yaw: -331.42328
  pitch: 6.5942745
money: '5000.0'
logoutlocation:
  world: world
  x: 199.30000001192093
  y: 119.0
  z: 318.12536678098115
  yaw: -210.2133
  pitch: 32.598545
