lastAccountName: DoubleThePsycho
timestamps:
  login: 1517255437104
  logout: 1517256933680
ipAddress: 81.166.253.119
lastlocation:
  world: world
  x: 222.3055290362473
  y: 70.0
  z: 432.2130890182913
  yaw: -324.6222
  pitch: 9.149954
money: '5000.0'
logoutlocation:
  world: world
  x: 229.7377298808534
  y: 78.0
  z: 405.29225063373656
  yaw: -0.3415498
  pitch: 42.600018
