lastAccountName: ItzAntony
timestamps:
  login: 1518115395226
  lastteleport: 1518115634511
  logout: 1518115857300
ipAddress: 92.236.69.226
lastlocation:
  world: world
  x: 228.66320649271285
  y: 70.0
  z: 410.46270781756147
  yaw: -192.99146
  pitch: 2.8597379
money: '5000.0'
logoutlocation:
  world: world
  x: 234.47856226862072
  y: 70.0
  z: 428.5036117952056
  yaw: 296.47714
  pitch: 3.882369
