lastAccountName: JhomiLow
timestamps:
  login: 1585872049251
  logout: 1585873988671
ipAddress: 191.95.171.216
lastlocation:
  world: world
  x: 99.87964753432703
  y: 88.0
  z: 357.30000001192093
  yaw: -232.52588
  pitch: 30.933773
money: '507.875'
logoutlocation:
  world: world
  x: 125.55183153439454
  y: 84.0625
  z: 390.07499998807907
  yaw: -304.86603
  pitch: -14.118777
