lastAccountName: Juansvi
timestamps:
  login: 1585521995500
  logout: 1585523381078
ipAddress: 179.12.91.201
lastlocation:
  world: world
  x: 222.10394608360465
  y: 69.5
  z: 429.02445146615554
  yaw: -343.5048
  pitch: 12.781509
money: '500.3'
logoutlocation:
  world: world
  x: 224.4626949155967
  y: 70.0
  z: 424.19419548963066
  yaw: 357.19153
  pitch: 25.415293
