lastAccountName: Novia
timestamps:
  login: 1518113772517
  lastteleport: 1518114293586
  logout: 1518115308371
ipAddress: 188.24.175.148
lastlocation:
  world: Survival_the_end
  x: 81.01814355266019
  y: 58.0
  z: -20.014347739044943
  yaw: -178.11438
  pitch: 24.987305
money: '27025.5519999999999998'
logoutlocation:
  world: Survival_the_end
  x: 6.782495488777268
  y: 72.26314767463798
  z: -9.787242596080494
  yaw: -242.16223
  pitch: 39.540066
