lastAccountName: Juansvi
timestamps:
  login: 1585198546862
  logout: 1585205177424
ipAddress: 179.12.91.201
lastlocation:
  world: world
  x: 233.3211408790522
  y: 70.0
  z: 420.75255258131057
  yaw: 253.54433
  pitch: 2.8186467
money: '5000.0'
logoutlocation:
  world: Plots
  x: 39.585018766696805
  y: 68.0
  z: 84.25638226270594
  yaw: 278.81177
  pitch: 33.835865
