lastAccountName: iTsLukme
timestamps:
  login: 1585198936800
  logout: 1585204996323
ipAddress: 190.13.4.222
lastlocation:
  world: world
  x: 235.75255619900446
  y: 70.0
  z: 415.1990755523882
  yaw: 66.27505
  pitch: 2.688064
money: '5000.0'
logoutlocation:
  world: Plots
  x: 26.48750001192083
  y: 71.648667910853
  z: 78.43355052020212
  yaw: 86.197266
  pitch: 67.853355
