lastAccountName: migueldc8
timestamps:
  login: 1516716046264
  logout: 1516716058815
ipAddress: 92.177.108.9
lastlocation:
  world: world
  x: 226.53887468130398
  y: 70.0
  z: 437.02067504605964
  yaw: -156.60884
  pitch: 1.7882324
logoutlocation:
  world: world
  x: 223.05979476293288
  y: 70.0
  z: 424.0341734270963
  yaw: 36.141212
  pitch: 11.838245
