lastAccountName: SrGomonira
timestamps:
  login: 1585278607574
  logout: 1585278768288
  lastteleport: 1585278617130
ipAddress: 186.167.242.126
lastlocation:
  world: Plots
  x: 47.66451868025019
  y: 63.0
  z: 79.82018352525584
  yaw: 40.66011
  pitch: 10.283241
money: '440.07549999999999342'
logoutlocation:
  world: world
  x: 228.04024580249103
  y: 70.0
  z: 443.69999998807907
  yaw: 13.47089
  pitch: 34.77326
