lastAccountName: zGodSkillz
timestamps:
  login: 1517937061861
  logout: 1517937757601
ipAddress: 186.86.27.49
lastlocation:
  world: Survival
  x: -243.30270863620106
  y: 71.0
  z: 779.2094035384138
  yaw: 130.36511
  pitch: 20.819653
money: '105320.0'
logoutlocation:
  world: world
  x: 225.4247738788826
  y: 70.5
  z: 450.33740834755633
  yaw: -357.63812
  pitch: 15.618504
