lastAccountName: TheJuanmabest
timestamps:
  login: 1585270394811
  logout: 1585270538937
ipAddress: 187.169.182.135
lastlocation:
  world: Survival_nether
  x: 1398.919568663247
  y: 48.0
  z: 325.5888824151332
  yaw: -282.62012
  pitch: 83.04822
logoutlocation:
  world: Plots
  x: 60.470370264647364
  y: 65.0
  z: 84.39060103201294
  yaw: -96.59888
  pitch: 24.09703
money: '800.0'
