lastAccountName: Robern
timestamps:
  login: 1518115565540
  lastteleport: 1518115634983
  logout: 1518115907302
ipAddress: 178.116.141.65
lastlocation:
  world: Plots
  x: 66.81217167091755
  y: 66.0
  z: 135.48216186785044
  yaw: 320.69067
  pitch: 16.852293
money: '500.0'
logoutlocation:
  world: world
  x: 84.52297070660813
  y: 70.0
  z: 368.9106453270635
  yaw: 61.278137
  pitch: 5.052821
