lastAccountName: Osobear8
timestamps:
  login: 1585872285904
  logout: 1585874481776
ipAddress: 186.21.67.85
lastlocation:
  world: world
  x: 119.11693508737052
  y: 63.24509262178714
  z: 130.30823698127935
  yaw: -19.591034
  pitch: 28.905977
money: '472.5'
logoutlocation:
  world: world
  x: 242.04503432930852
  y: 70.0625
  z: 428.54784008853926
  yaw: -17.607752
  pitch: 40.657524
