lastAccountName: Cobalt
timestamps:
  login: 1518729857104
  lastteleport: 1518113984243
  logout: 1518729871964
ipAddress: 75.187.93.121
lastlocation:
  world: Survival_the_end
  x: 10.927882481911427
  y: 67.0
  z: -12.167155920171629
  yaw: 188.46277
  pitch: 29.204552
money: '5000.0'
logoutlocation:
  world: world
  x: 257.5202613538228
  y: 70.0625
  z: 406.16133576966246
  yaw: -143.7064
  pitch: 1.6010102
