spawns: 
  default: 
    world: world
    x: 240.59825236868318
    y: 70.0
    z: 414.3199807283536
    yaw: 138.43233
    pitch: 17.868689
